Z11119750                       USGS 
H11119750       3425391194331000606083SW180600138.38           140              
N11119750       MISSION C NR MISSION ST NR SANTA BARBARA CA
Y11119750       
311119750       19701129    360                2.18                    
311119750       19711227   1420                3.77                    
311119750       19730118   2580                4.97                    
311119750       19740107    519                2.67                    
311119750       19741203   1130                3.45                    
311119750       19760209    353                2.30                    
311119750       19770102    569                2.64                    
311119750       19780209   2550                4.93                    
311119750       19790327    667                2.76                    
311119750       19800216   1300                5.45                    
311119750       19810301    302                3.18                    
311119750       19820314    186                2.74                    
311119750       19830127   2300                5.20                    
311119750       19831225    681                3.71                    
311119750       19841215    128                2.49                    
311119750       19860315    216                2.80                    
311119750       19870305    110                2.38                    
311119750       19880229    139                2.53                    
311119750       19881217    168                2.64                    
311119750       19900216    115                2.41                    
311119750       19910319    468                3.37                    
311119750       19920215   1300                4.42                    
311119750       19930113    838                3.92                    
311119750       19940220    207                2.77                    
311119750       19950110   5120                6.60                    
311119750       19960219    262                2.93                    
311119750       19970126    226                2.83                    
311119750       19980223   3090                5.67                    
311119750       19990131    204                2.76                    
311119750       20000223    928                4.03                    
311119750       20010304   1400                4.28                    
311119750       20011124    221                2.45                    
311119750       20030315    448                3.36                    
311119750       20040225    597                3.19                    
311119750       20050110   2300                5.21                    
311119750       20060404    562                3.13                    
311119750       20070130    236                2.49                    
311119750       20080104    671                3.31                    
311119750       20081215    101                2.06                    
311119750       20100227   1000                3.78                    
311119750       20110320   1090                3.90                    
311119750       20140202    171                6.78                    
311119750       20141212    278                7.28                    
311119750       20160106    348                7.54                    
311119750       20170217   1600                10.43                    